800096592;2;40;2011;12;4001;12;31/12/2011;CC;183030642;VARIOS;PRODESARROLLO DEPARTAMENTAL;20631300;0,01;206313
800096592;2;40;2011;12;4001;12;31/12/2011;CC;183030832;VARIOS;PRODESARROLLO DEPARTAMENTAL;16152800;0,01;161528
800096592;2;40;2011;12;4001;12;31/12/2011;CC;183032937;VARIOS;PRODESARROLLO DEPARTAMENTAL;369483900;0,01;3694839
800096592;2;40;2011;12;4001;12;31/12/2011;CC;183033356;VARIOS;PRODESARROLLO DEPARTAMENTAL;155691800;0,01;1556918
800096592;2;40;2011;12;4001;12;31/12/2011;CC;7788;VARIOS;PRODESARROLLO DEPARTAMENTAL;3290757200;0,01;32907572
800096592;2;40;2011;12;4002;12;31/12/2011;CC;183030642;VARIOS;PRODESARROLLO FRONTERIZO;20631300;0,01;206313
800096592;2;40;2011;12;4002;12;31/12/2011;CC;183030832;VARIOS;PRODESARROLLO FRONTERIZO;16152800;0,01;161528
800096592;2;40;2011;12;4002;12;31/12/2011;CC;183032937;VARIOS;PRODESARROLLO FRONTERIZO;369483900;0,01;3694839
800096592;2;40;2011;12;4002;12;31/12/2011;CC;183033356;VARIOS;PRODESARROLLO FRONTERIZO;155691800;0,01;1556918
800096592;2;40;2011;12;4002;12;31/12/2011;CC;7788;VARIOS;PRODESARROLLO FRONTERIZO;3290757200;0,01;32907572
